起始时间 MIDI音高 
0  
0 62 
0 43 
2 58 
5 55 
8 67 
11 70 
14 58 
17 55 
20 67 
22 62 
22 43 
25 58 
28 55 
31 67 
34 70 
37 58 
40 55 
42 67 
45 62 
45 53 
48 58 
51 57 
54 69 
57 70 
60 58 
62 57 
65 69 
68 62 
68 53 
71 58 
74 57 
77 69 
80 70 
82 58 
85 57 
88 69 
91 62 
91 51 
94 58 
97 55 
100 67 
102 70 
105 58 
108 55 
111 67 
114 62 
114 51 
117 58 
120 55 
122 67 
125 70 
128 58 
131 55 
134 67 
137 62 
137 50 
140 58 
142 57 
145 69 
148 72 
151 58 
154 57 
157 70 
160 62 
160 50 
162 58 
165 57 
168 67 
171 66 
174 58 
177 57 
180 66 
182 62 
182 43 
185 58 
188 55 
191 67 
194 70 
197 58 
200 55 
202 67 
205 62 
205 43 
208 58 
211 55 
214 67 
217 70 
220 58 
222 55 
225 67 
228 62 
228 53 
231 58 
234 57 
237 69 
240 70 
242 58 
245 57 
248 69 
251 62 
251 53 
254 58 
257 57 
260 69 
262 70 
265 58 
268 57 
271 69 
274 62 
274 51 
277 58 
280 55 
282 67 
285 70 
288 58 
291 55 
294 67 
297 62 
297 51 
300 58 
302 55 
305 67 
308 70 
311 58 
314 55 
317 67 
320 62 
320 50 
322 58 
325 57 
328 69 
331 72 
334 58 
337 57 
340 70 
342 62 
342 50 
345 58 
348 57 
351 67 
354 66 
357 58 
360 57 
362 66 
365 74 
365 79 
365 43 
371 74 
371 70 
374 74 
374 70 
377 74 
377 70 
380 58 
380 62 
382 72 
382 75 
382 43 
385 72 
385 75 
388 72 
388 75 
391 62 
391 67 
394 69 
394 72 
400 70 
400 74 
400 53 
405 67 
405 70 
408 67 
408 70 
411 67 
411 70 
414 62 
414 58 
417 72 
417 67 
417 53 
420 72 
420 67 
422 72 
422 67 
425 62 
425 67 
428 69 
428 74 
434 74 
434 79 
434 51 
440 74 
440 70 
442 74 
442 70 
445 74 
445 70 
448 58 
448 62 
451 72 
451 75 
451 51 
454 72 
454 75 
457 72 
457 75 
460 62 
460 67 
462 69 
462 72 
468 70 
468 74 
468 50 
474 67 
474 70 
477 67 
477 70 
480 67 
480 70 
482 58 
482 62 
485 72 
485 67 
485 50 
488 72 
488 67 
491 72 
491 67 
494 62 
494 67 
497 66 
497 69 
500 67 
500 62 
502 55 
502 58 
502 62 
502 67 
508 62 
508 58 
508 55 
508 50 
511 62 
511 58 
511 55 
511 50 
514 62 
514 58 
514 55 
514 50 
517 62 
517 58 
517 53 
517 48 
520 51 
520 55 
520 60 
520 63 
522 51 
522 55 
522 60 
522 63 
525 51 
525 55 
525 60 
525 63 
528 48 
528 53 
528 58 
528 62 
531 57 
531 60 
537 55 
537 58 
537 62 
537 50 
542 50 
542 46 
542 55 
542 58 
545 50 
545 46 
545 55 
545 58 
548 50 
548 46 
548 55 
548 58 
551 58 
551 53 
551 48 
551 43 
554 60 
554 55 
554 51 
557 60 
557 55 
557 51 
560 60 
560 55 
560 51 
562 48 
562 53 
562 58 
565 50 
565 57 
565 62 
568 48 
568 53 
568 62 
571 55 
571 58 
571 62 
571 67 
577 62 
577 58 
577 55 
577 50 
580 62 
580 58 
580 55 
580 50 
582 62 
582 58 
582 55 
582 50 
585 62 
585 58 
585 53 
585 48 
588 51 
588 55 
588 60 
588 63 
591 51 
591 55 
591 60 
591 63 
594 51 
594 55 
594 60 
594 63 
597 48 
597 53 
597 58 
597 62 
600 57 
600 60 
605 55 
605 58 
605 62 
605 50 
611 50 
611 46 
611 55 
611 58 
614 50 
614 46 
614 55 
614 58 
617 50 
617 46 
617 55 
617 58 
620 58 
620 53 
620 48 
620 43 
622 60 
622 55 
622 51 
625 60 
625 55 
625 51 
628 60 
628 55 
628 51 
631 48 
631 53 
631 58 
634 48 
634 54 
634 45 
637 48 
637 53 
637 43 
640 55 
640 43 
642 57 
645 58 
645 50 
648 59 
651 60 
651 48 
654 61 
657 62 
657 50 
660 63 
662 62 
662 43 
665 67 
668 66 
668 46 
671 67 
674 58 
674 45 
677 57 
680 55 
680 50 
682 54 
685 55 
688 57 
691 58 
691 50 
694 59 
697 60 
697 48 
700 61 
702 62 
702 50 
705 63 
708 62 
708 43 
711 67 
714 66 
714 50 
717 67 
720 70 
720 48 
722 69 
725 67 
725 50 
728 65 
731 67 
731 43 
742 79 
803 43 
810 62 
817 67 
823 74 
830 74 
830 48 
841 72 
845 74 
849 75 
860 50 
867 62 
875 69 
882 72 
890 72 
890 43 
901 70 
905 72 
909 74 
920 55 
927 70 
930 72 
932 70 
935 69 
942 70 
950 74 
950 51 
961 70 
965 67 
972 58 
980 67 
980 50 
987 62 
995 70 
1006 69 
1010 67 
1010 43 
1017 58 
1021 62 
1025 43 
1029 67 
1032 58 
1036 62 
1040 67 
1040 62 
1040 58 
1040 55 
1055 58 
1055 62 
1055 67 
1055 53 
1066 63 
1070 63 
1070 48 
1074 63 
1077 60 
1081 63 
1085 63 
1085 55 
1089 67 
1092 60 
1096 63 
1100 62 
1100 50 
1104 62 
1107 60 
1111 62 
1115 62 
1115 54 
1119 69 
1122 60 
1126 62 
1130 62 
1130 43 
1134 62 
1137 58 
1141 62 
1145 62 
1145 55 
1149 67 
1152 58 
1156 62 
1160 63 
1160 50 
1164 63 
1167 62 
1171 58 
1175 62 
1175 55 
1179 63 
1180 62 
1182 62 
1186 63 
1190 62 
1190 51 
1194 63 
1197 58 
1201 63 
1205 67 
1205 55 
1209 63 
1212 58 
1216 63 
1220 62 
1220 45 
1224 62 
1227 60 
1231 62 
1235 67 
1235 48 
1239 62 
1242 60 
1246 62 
1250 60 
1250 50 
1254 60 
1257 60 
1261 62 
1265 60 
1265 54 
1269 62 
1272 62 
1276 62 
1280 70 
1280 50 
1284 69 
1287 62 
1291 62 
1295 60 
1295 54 
1306 63 
1310 63 
1310 48 
1314 63 
1317 60 
1321 63 
1325 63 
1325 55 
1329 67 
1332 60 
1336 63 
1340 62 
1340 50 
1344 62 
1347 60 
1351 62 
1355 62 
1355 54 
1359 69 
1362 60 
1366 62 
1370 62 
1370 43 
1374 62 
1377 58 
1381 62 
1385 62 
1385 55 
1389 67 
1392 58 
1396 62 
1400 63 
1400 50 
1404 63 
1407 62 
1411 58 
1415 62 
1415 55 
1419 63 
1420 62 
1422 62 
1426 63 
1430 62 
1430 51 
1434 63 
1437 58 
1441 63 
1445 67 
1445 55 
1449 63 
1452 58 
1456 63 
1460 62 
1460 50 
1464 62 
1467 60 
1471 62 
1475 67 
1475 54 
1479 62 
1482 60 
1486 62 
1490 60 
1490 43 
1494 60 
1497 60 
1501 62 
1505 62 
1505 50 
1509 62 
1512 62 
1516 62 
1520 67 
1520 55 
1524 67 
1527 69 
1531 69 
1535 69 
1535 50 
1550 70 
1550 48 
1554 67 
1557 70 
1561 67 
1565 70 
1565 55 
1569 67 
1572 70 
1576 70 
1580 72 
1580 50 
1591 54 
1595 60 
1599 62 
1602 70 
1606 67 
1610 70 
1610 43 
1614 67 
1617 70 
1621 67 
1625 70 
1625 55 
1629 67 
1632 70 
1636 70 
1640 72 
1640 50 
1647 70 
1655 69 
1655 55 
1659 67 
1662 70 
1666 67 
1670 70 
1670 51 
1674 67 
1677 70 
1681 67 
1685 70 
1685 55 
1689 67 
1692 70 
1696 67 
1700 72 
1700 45 
1715 48 
1722 60 
1726 58 
1730 60 
1730 50 
1734 58 
1737 60 
1741 58 
1745 60 
1745 54 
1749 58 
1752 60 
1756 58 
1760 62 
1760 50 
1775 54 
1790 63 
1790 48 
1794 63 
1797 63 
1801 58 
1805 55 
1809 63 
1812 63 
1816 67 
1820 62 
1820 50 
1824 62 
1827 62 
1831 60 
1835 54 
1839 62 
1842 62 
1846 69 
1850 62 
1850 43 
1854 62 
1857 58 
1861 67 
1865 70 
1865 55 
1869 69 
1872 67 
1876 62 
1880 58 
1880 50 
1884 62 
1887 67 
1891 62 
1895 55 
1899 62 
1902 67 
1906 62 
1910 58 
1910 51 
1914 62 
1917 67 
1921 62 
1925 63 
1925 55 
1929 62 
1932 67 
1936 62 
1940 60 
1940 45 
1944 62 
1947 69 
1951 62 
1955 63 
1955 48 
1959 62 
1962 69 
1966 62 
1970  
1970 58 
1970 43 
1973 62 
1976 67 
1979 69 
1982 67 
1982 50 
1985 62 
1988 58 
1991 55 
1994 43 
2000 62 
2006 67 
2012 74 
2018 74 
2018 48 
2027 72 
2030 75 
2042 50 
2048 62 
2054 69 
2054 54 
2060 72 
2066 72 
2066 43 
2075 70 
2078 74 
2090 50 
2096 62 
2102 69 
2102 55 
2108 70 
2114 70 
2114 51 
2123 69 
2126 72 
2138 45 
2144 62 
2150 69 
2150 48 
2156 70 
2162 70 
2162 50 
2171 72 
2174 69 
2186 50 
2192 67 
2198 70 
2198 54 
2204 74 
2210 74 
2210 48 
2219 72 
2222 81 
2234 50 
2240 82 
2246 81 
2252 74 
2258 72 
2258 43 
2267 74 
2270 70 
2282 50 
2288 70 
2294 70 
2294 55 
2300 70 
2306 74 
2306 51 
2315 72 
2318 67 
2330 50 
2336 62 
2342 70 
2342 54 
2351 69 
2354 67 
2354 43 
2378 55 
2384 62 
2390 67 
2396 70 
2402 74 
2402 48 
2411 72 
2414 74 
2417 75 
2426 50 
2432 62 
2438 69 
2444 72 
2450 72 
2450 43 
2459 70 
2462 72 
2465 74 
2474 55 
2480 62 
2486 69 
2492 70 
2498 70 
2498 51 
2507 69 
2510 72 
2522 45 
2528 62 
2534 67 
2540 70 
2546 70 
2546 50 
2555 72 
2558 69 
2570 54 
2576 62 
2582 67 
2585 70 
2588 77 
2591 75 
2594 74 
2594 48 
2603 72 
2606 81 
2618 50 
2624 70 
2630 69 
2636 62 
2642 60 
2642 43 
2651 62 
2654 58 
2666 53 
2672 70 
2675 72 
2678 69 
2684 70 
2690 74 
2690 51 
2699 70 
2702 67 
2714 50 
2720 62 
2726 70 
2735 69 
2738 67 
2738 48 
2762 58 
2762 62 
2762 67 
2762 48 
2786 67 
2786 47 
2789 55 
2792 50 
2795 55 
2798 47 
2801 55 
2804 50 
2807 55 
2810 62 
2810 47 
2813 55 
2816 50 
2819 55 
2822 47 
2825 55 
2828 63 
2828 50 
2831 65 
2831 55 
2834 65 
2834 48 
2840 63 
2841 65 
2843 62 
2846 63 
2846 48 
2849 67 
2852 72 
2852 55 
2855 74 
2858 75 
2906 65 
2906 45 
2909 53 
2912 48 
2915 53 
2918 60 
2918 45 
2920 62 
2922 60 
2924 59 
2927 60 
2930 65 
2930 45 
2933 63 
2933 53 
2936 69 
2936 48 
2939 72 
2939 53 
2942 65 
2942 45 
2945 63 
2945 53 
2948 62 
2948 48 
2951 60 
2951 53 
2954 62 
2954 46 
2957 60 
2960 58 
2963 57 
2966 58 
2966 50 
2969 62 
2972 65 
2975 70 
2978 74 
3026 55 
3026 51 
3029 67 
3032 66 
3035 67 
3038 69 
3041 67 
3044 70 
3047 69 
3050 55 
3050 51 
3053 67 
3056 66 
3059 65 
3062 64 
3065 63 
3068 62 
3071 61 
3074 62 
3074 50 
3077 58 
3080 57 
3083 58 
3086 55 
3089 50 
3092 49 
3095 50 
3098 49 
3100 50 
3102 51 
3104 52 
3106 53 
3108 54 
3110 55 
3114 57 
3116 58 
3118 60 
3120 61 
3122 62 
3122 50 
3125 58 
3128 55 
3131 62 
3134 63 
3137 62 
3140 61 
3143 63 
3146 62 
3146 50 
3149 55 
3152 58 
3155 62 
3158 63 
3161 62 
3164 61 
3167 63 
3170 62 
3170 50 
3173 58 
3176 55 
3179 62 
3182 63 
3185 62 
3188 61 
3191 63 
3194 62 
3194 50 
3197 55 
3200 58 
3203 62 
3206 63 
3209 62 
3212 61 
3215 63 
3218 62 
3218 43 
3221 63 
3224 62 
3227 61 
3230 62 
3233 58 
3236 55 
3239 67 
3242 62 
3242 43 
3245 63 
3248 62 
3251 61 
3254 62 
3257 58 
3260 55 
3263 67 
3266 62 
3266 53 
3269 63 
3272 62 
3275 61 
3278 62 
3281 58 
3284 55 
3287 67 
3290 62 
3290 53 
3293 63 
3296 62 
3299 61 
3302 62 
3305 58 
3308 55 
3311 67 
3314 62 
3314 51 
3317 63 
3320 62 
3323 61 
3326 62 
3329 58 
3332 55 
3335 67 
3338 62 
3338 51 
3341 63 
3344 62 
3347 61 
3350 62 
3353 58 
3356 55 
3359 67 
3362 62 
3362 50 
3365 63 
3368 62 
3371 61 
3374 60 
3377 57 
3380 67 
3383 63 
3386 62 
3386 50 
3389 63 
3392 62 
3395 61 
3398 62 
3401 60 
3404 58 
3407 60 
3410 74 
3410 43 
3413 70 
3416 67 
3419 70 
3422 74 
3425 70 
3428 67 
3431 70 
3434 74 
3434 43 
3437 70 
3440 67 
3443 70 
3446 74 
3449 70 
3452 67 
3455 70 
3458 74 
3458 53 
3461 70 
3464 69 
3467 70 
3470 62 
3473 70 
3476 69 
3479 70 
3482 74 
3482 53 
3485 70 
3488 69 
3491 70 
3494 62 
3497 70 
3500 69 
3503 70 
3506 74 
3506 51 
3509 70 
3512 67 
3515 70 
3518 74 
3521 70 
3524 67 
3527 70 
3530 74 
3530 51 
3533 70 
3536 67 
3539 70 
3542 74 
3545 70 
3548 67 
3551 70 
3554 62 
3554 50 
3557 72 
3560 69 
3563 72 
3566 74 
3569 72 
3572 69 
3575 66 
3578 62 
3578 50 
3581 72 
3584 69 
3587 72 
3590 74 
3593 72 
3596 69 
3599 67 
3602 57 
3602 62 
3602 66 
3602 54 
3650 43 
3656 63 
3659 58 
3662 63 
3662 43 
3662 50 
3665 58 
3668 63 
3671 58 
3674 63 
3674 43 
3680 63 
3683 58 
3686 63 
3686 43 
3686 50 
3689 58 
3692 63 
3695 58 
3698 63 
3698 50 
3704 62 
3707 58 
3710 62 
3710 48 
3713 58 
3716 62 
3719 58 
3722 62 
3722 50 
3728 62 
3731 58 
3734 62 
3734 48 
3737 58 
3740 62 
3743 58 
3746 62 
3746 51 
3752 62 
3755 58 
3758 62 
3758 48 
3758 55 
3761 58 
3764 62 
3767 58 
3770 62 
3770 51 
3776 62 
3779 58 
3782 62 
3782 48 
3782 55 
3785 58 
3788 62 
3791 58 
3794 62 
3794 50 
3800 62 
3803 60 
3806 62 
3806 48 
3806 54 
3809 60 
3812 62 
3815 60 
3818 62 
3818 50 
3824 62 
3827 60 
3830 62 
3830 48 
3830 54 
3833 60 
3836 62 
3839 60 
3842 62 
3842 43 
3848 63 
3850 63 
3852 63 
3854 62 
3854 43 
3860 63 
3862 63 
3864 63 
3866 62 
3866 43 
3872 63 
3874 63 
3876 63 
3878 63 
3878 43 
3881 62 
3884 63 
3887 62 
3890 63 
3890 50 
3896 62 
3898 62 
3900 62 
3902 60 
3902 48 
3908 62 
3910 62 
3912 62 
3914 60 
3914 50 
3920 62 
3922 62 
3924 62 
3926 62 
3926 48 
3929 60 
3932 62 
3935 60 
3938 62 
3938 51 
3944 63 
3946 63 
3948 63 
3950 62 
3950 48 
3956 63 
3958 63 
3960 63 
3962 62 
3962 51 
3968 63 
3970 63 
3972 63 
3974 63 
3974 48 
3977 62 
3980 63 
3983 62 
3986 62 
3986 50 
3989 62 
3990 60 
3992 62 
3995 62 
3998 62 
3998 48 
4001 62 
4004 62 
4005 63 
4007 62 
4010 62 
4010 50 
4013 60 
4016 62 
4019 60 
4022 62 
4022 48 
4025 62 
4028 62 
4031 60 
4034 43 
4046 62 
4046 43 
4049 62 
4052 62 
4055 62 
4058 62 
4058 43 
4061 62 
4064 62 
4067 62 
4070 65 
4070 43 
4076 62 
4082 60 
4082 50 
4094 60 
4094 48 
4097 60 
4100 60 
4103 60 
4106 60 
4106 50 
4109 60 
4112 60 
4115 58 
4118 60 
4118 48 
4124 62 
4130 51 
4142 62 
4142 48 
4145 62 
4148 62 
4151 62 
4154 62 
4154 51 
4157 62 
4160 62 
4163 62 
4166 65 
4166 48 
4172 62 
4178 60 
4178 50 
4190 60 
4190 48 
4193 60 
4196 60 
4199 60 
4202 60 
4202 50 
4205 60 
4208 60 
4211 58 
4214 62 
4214 48 
4220 55 
4226 43 
4238 62 
4238 43 
4241 62 
4244 62 
4247 62 
4250 62 
4250 43 
4253 62 
4256 62 
4259 62 
4262 65 
4262 43 
4268 62 
4274 60 
4274 50 
4286 60 
4286 48 
4289 60 
4292 60 
4295 60 
4298 60 
4298 50 
4301 60 
4304 60 
4307 58 
4310 60 
4310 48 
4316 62 
4322 51 
4334 62 
4334 48 
4337 62 
4340 62 
4343 62 
4346 62 
4346 51 
4349 62 
4352 62 
4355 62 
4358 65 
4358 48 
4364 62 
4370 60 
4370 50 
4382 60 
4382 48 
4385 60 
4388 60 
4391 60 
4394 60 
4394 50 
4397 60 
4400 60 
4403 58 
4406 62 
4406 48 
4412 55 
4442 43 
4448 62 
4454 67 
4460 74 
4466 74 
4466 48 
4475 72 
4478 75 
4490 50 
4496 62 
4502 69 
4502 54 
4508 72 
4514 72 
4514 43 
4523 70 
4526 74 
4538 50 
4544 62 
4550 69 
4550 55 
4556 70 
4562 70 
4562 51 
4571 69 
4574 72 
4586 45 
4592 62 
4598 69 
4598 48 
4604 70 
4610 70 
4610 50 
4619 72 
4622 69 
4634 50 
4640 67 
4646 70 
4646 54 
4652 74 
4658 74 
4658 48 
4667 72 
4670 81 
4682 50 
4688 82 
4694 81 
4700 74 
4706 72 
4706 43 
4715 74 
4718 70 
4730 50 
4736 70 
4742 70 
4742 55 
4748 70 
4754 74 
4754 51 
4763 72 
4766 67 
4778 50 
4784 62 
4790 70 
4790 54 
4799 69 
4802 67 
4802 43 
4802 55 
